%YAML:1.0
---
camera_matrix:
   rows: 3
   cols: 3
   data: [267.992318886018, 0.0, 320.0077277386235, 
          0.0, 268.580861572194, 246.7417574551364, 
          0.0, 0.0, 1.0]
distortion_coefficients:
   rows: 1
   cols: 5
   data: [-0.042587552021999, 0.114259868065906, 
          1.812589442467794e-05, 0.0009097521611485644, 
          -0.106983878540500]
rotation_matrix:
   rows: 3
   cols: 3
   data: [1.0, 0.0, 0.0, 
          0.0, 1.0, 0.0, 
          0.0, 0.0, 1.0]
translation_vector:
   rows: 3
   cols: 1
   data: [0.0, 0.0, 0.0]
image_size: [480, 640]