%YAML:1.0
---
camera_matrix:
   rows: 3
   cols: 3
   data: [267.7371694280941, 0.0, 322.7007669856777, 
          0.0, 268.3931368399508, 245.3859369476474, 
          0.0, 0.0, 1.0]
distortion_coefficients:
   rows: 1
   cols: 5
   data: [-0.047238151373256, 0.125384477486628, 
          -0.0004122855480915574, 0.0006436773214164032, 
          -0.116472361935142]
rotation_matrix:
   rows: 3
   cols: 3
   data: [0.999959305240922, -0.001120747182792, 0.008951636042955, 
          0.001141560085712, 0.999996656592936, -0.002320267984699, 
          -0.008949005680185, 0.002330392392361, 0.999957241370167]
translation_vector:
   rows: 3
   cols: 1
   data: [-0.060132168639441424, -0.000224035285637673, -0.000344676425438372]
image_size: [480, 640]