image_width: 1280
image_height: 960
camera_name: elp_left
camera_matrix:
  rows: 3
  cols: 3
  data: [848.867404, 0.000000, 709.717370, 0.000000, 849.682767, 530.380712, 0.000000, 0.000000, 1.000000]
distortion_model: plumb_bob
distortion_coefficients:
  rows: 1
  cols: 5
  data: [-0.365123, 0.105556, 0.001181, 0.000037, 0.000000]
rectification_matrix:
  rows: 3
  cols: 3
  data: [0.996675, -0.002062, -0.081458, 0.002189, 0.999997, 0.001465, 0.081455, -0.001638, 0.996676]
projection_matrix:
  rows: 3
  cols: 4
  data: [748.005188, 0.000000, 913.617188, 0.000000, 0.000000, 748.005188, 553.948761, 0.000000, 0.000000, 0.000000, 1.000000, 0.000000]
