image_width: 1280
image_height: 960
camera_name: elp_right
camera_matrix:
  rows: 3
  cols: 3
  data: [857.557243, 0.000000, 688.715742, 0.000000, 856.342973, 525.844129, 0.000000, 0.000000, 1.000000]
distortion_model: plumb_bob
distortion_coefficients:
  rows: 1
  cols: 5
  data: [-0.362415, 0.099593, -0.001659, 0.001857, 0.000000]
rectification_matrix:
  rows: 3
  cols: 3
  data: [0.999735, -0.001480, -0.022992, 0.001403, 0.999993, -0.003356, 0.022997, 0.003323, 0.999730]
projection_matrix:
  rows: 3
  cols: 4
  data: [738.885546, 0.000000, 738.384979, -43.954104, 0.000000, 738.885546, 540.852127, 0.000000, 0.000000, 0.000000, 1.000000, 0.000000]
