image_width: 1280
image_height: 960
camera_name: elp_left
camera_matrix:
  rows: 3
  cols: 3
  data: [852.699446, 0.000000, 702.203946, 0.000000, 851.181440, 514.904725, 0.000000, 0.000000, 1.000000]
distortion_model: plumb_bob
distortion_coefficients:
  rows: 1
  cols: 5
  data: [-0.381780, 0.125124, -0.000127, -0.001135, 0.000000]
rectification_matrix:
  rows: 3
  cols: 3
  data: [0.999938, -0.000316, -0.011120, 0.000298, 0.999999, -0.001646, 0.011121, 0.001642, 0.999937]
projection_matrix:
  rows: 3
  cols: 4
  data: [746.673696, 0.000000, 758.900711, 0.000000, 0.000000, 746.673696, 534.203323, 0.000000, 0.000000, 0.000000, 1.000000, 0.000000]
