image_width: 1280
image_height: 960
camera_name: elp_left
camera_matrix:
  rows: 3
  cols: 3
  data: [857.366471, 0.000000, 690.538012, 0.000000, 855.377794, 504.355701, 0.000000, 0.000000, 1.000000]
distortion_model: plumb_bob
distortion_coefficients:
  rows: 1
  cols: 5
  data: [-0.384836, 0.126423, -0.000041, -0.001254, 0.000000]
rectification_matrix:
  rows: 3
  cols: 3
  data: [0.999864, -0.002275, -0.016359, 0.002264, 0.999997, -0.000707, 0.016360, 0.000670, 0.999866]
projection_matrix:
  rows: 3
  cols: 4
  data: [765.188385, 0.000000, 745.903259, 0.000000, 0.000000, 765.188385, 530.652313, 0.000000, 0.000000, 0.000000, 1.000000, 0.000000]
