image_width: 1280
image_height: 960
camera_name: elp_left
camera_matrix:
  rows: 3
  cols: 3
  data: [835.505533, 0.000000, 706.887113, 0.000000, 833.097889, 533.569743, 0.000000, 0.000000, 1.000000]
distortion_model: plumb_bob
distortion_coefficients:
  rows: 1
  cols: 5
  data: [-0.356900, 0.103033, -0.002434, 0.000420, 0.000000]
rectification_matrix:
  rows: 3
  cols: 3
  data: [0.999811, 0.000979, -0.019440, -0.001018, 0.999997, -0.002003, 0.019438, 0.002023, 0.999809]
projection_matrix:
  rows: 3
  cols: 4
  data: [724.927506, 0.000000, 801.172653, 0.000000, 0.000000, 724.927506, 546.077087, 0.000000, 0.000000, 0.000000, 1.000000, 0.000000]
