image_width: 1280
image_height: 960
camera_name: elp_right
camera_matrix:
  rows: 3
  cols: 3
  data: [865.171509, 0.000000, 700.215656, 0.000000, 863.978443, 523.995545, 0.000000, 0.000000, 1.000000]
distortion_model: plumb_bob
distortion_coefficients:
  rows: 1
  cols: 5
  data: [-0.379042, 0.116711, 0.000596, 0.000130, 0.000000]
rectification_matrix:
  rows: 3
  cols: 3
  data: [0.999339, -0.002122, -0.036281, 0.002181, 0.999996, 0.001605, 0.036278, -0.001683, 0.999340]
projection_matrix:
  rows: 3
  cols: 4
  data: [746.673696, 0.000000, 758.900711, -44.357389, 0.000000, 746.673696, 534.203323, 0.000000, 0.000000, 0.000000, 1.000000, 0.000000]
