image_width: 1280
image_height: 960
camera_name: elp_right
camera_matrix:
  rows: 3
  cols: 3
  data: [849.999764, 0.000000, 675.506660, 0.000000, 849.396081, 523.162991, 0.000000, 0.000000, 1.000000]
distortion_model: plumb_bob
distortion_coefficients:
  rows: 1
  cols: 5
  data: [-0.347060, 0.084087, -0.000441, -0.001071, 0.000000]
rectification_matrix:
  rows: 3
  cols: 3
  data: [0.998299, 0.002752, -0.058230, -0.002602, 0.999993, 0.002663, 0.058236, -0.002507, 0.998300]
projection_matrix:
  rows: 3
  cols: 4
  data: [740.866240, 0.000000, 809.030304, -44.405782, 0.000000, 740.866240, 544.107101, 0.000000, 0.000000, 0.000000, 1.000000, 0.000000]
