image_width: 1280
image_height: 960
camera_name: elp_left
camera_matrix:
  rows: 3
  cols: 3
  data: [866.512879, 0.000000, 706.816614, 0.000000, 865.389834, 515.532779, 0.000000, 0.000000, 1.000000]
distortion_model: plumb_bob
distortion_coefficients:
  rows: 1
  cols: 5
  data: [-0.378638, 0.113997, 0.000074, 0.000649, 0.000000]
rectification_matrix:
  rows: 3
  cols: 3
  data: [0.999781, -0.000869, 0.020897, 0.000832, 0.999998, 0.001774, -0.020898, -0.001756, 0.999780]
projection_matrix:
  rows: 3
  cols: 4
  data: [759.383707, 0.000000, 709.769501, 0.000000, 0.000000, 759.383707, 539.282066, 0.000000, 0.000000, 0.000000, 1.000000, 0.000000]
