image_width: 1280
image_height: 960
camera_name: elp_right
camera_matrix:
  rows: 3
  cols: 3
  data: [867.226975, 0.000000, 709.849911, 0.000000, 865.549267, 524.002406, 0.000000, 0.000000, 1.000000]
distortion_model: plumb_bob
distortion_coefficients:
  rows: 1
  cols: 5
  data: [-0.374255, 0.107947, 0.001404, -0.001236, 0.000000]
rectification_matrix:
  rows: 3
  cols: 3
  data: [0.999999, -0.000072, 0.001525, 0.000074, 0.999998, -0.001765, -0.001524, 0.001765, 0.999997]
projection_matrix:
  rows: 3
  cols: 4
  data: [759.383707, 0.000000, 709.769501, -45.181884, 0.000000, 759.383707, 539.282066, 0.000000, 0.000000, 0.000000, 1.000000, 0.000000]
