image_width: 1280
image_height: 960
camera_name: elp_right
camera_matrix:
  rows: 3
  cols: 3
  data: [863.215594, 0.000000, 692.636877, 0.000000, 862.030193, 541.578359, 0.000000, 0.000000, 1.000000]
distortion_model: plumb_bob
distortion_coefficients:
  rows: 1
  cols: 5
  data: [-0.381230, 0.115082, -0.004812, -0.000967, 0.000000]
rectification_matrix:
  rows: 3
  cols: 3
  data: [0.999921, -0.001606, 0.012498, 0.001658, 0.999990, -0.004107, -0.012491, 0.004128, 0.999913]
projection_matrix:
  rows: 3
  cols: 4
  data: [766.855559, 0.000000, 664.747589, -45.688640, 0.000000, 766.855559, 544.817253, 0.000000, 0.000000, 0.000000, 1.000000, 0.000000]
