image_width: 1280
image_height: 960
camera_name: elp_left
camera_matrix:
  rows: 3
  cols: 3
  data: [868.213253, 0.000000, 693.571945, 0.000000, 867.223647, 536.020785, 0.000000, 0.000000, 1.000000]
distortion_model: plumb_bob
distortion_coefficients:
  rows: 1
  cols: 5
  data: [-0.383001, 0.119487, -0.004630, 0.000817, 0.000000]
rectification_matrix:
  rows: 3
  cols: 3
  data: [0.999352, -0.002701, 0.035894, 0.002553, 0.999988, 0.004164, -0.035905, -0.004070, 0.999347]
projection_matrix:
  rows: 3
  cols: 4
  data: [766.855559, 0.000000, 664.747589, 0.000000, 0.000000, 766.855559, 544.817253, 0.000000, 0.000000, 0.000000, 1.000000, 0.000000]
