image_width: 1280
image_height: 960
camera_name: elp_right
camera_matrix:
  rows: 3
  cols: 3
  data: [854.264973, 0.000000, 698.512525, 0.000000, 855.577956, 526.561199, 0.000000, 0.000000, 1.000000]
distortion_model: plumb_bob
distortion_coefficients:
  rows: 1
  cols: 5
  data: [-0.353825, 0.090648, 0.000356, -0.000201, 0.000000]
rectification_matrix:
  rows: 3
  cols: 3
  data: [0.994514, -0.000261, -0.104603, 0.000098, 0.999999, -0.001560, 0.104603, 0.001541, 0.994513]
projection_matrix:
  rows: 3
  cols: 4
  data: [748.005188, 0.000000, 913.617188, -44.402947, 0.000000, 748.005188, 553.948761, 0.000000, 0.000000, 0.000000, 1.000000, 0.000000]
