image_width: 1280
image_height: 960
camera_name: elp_right
camera_matrix:
  rows: 3
  cols: 3
  data: [841.961911, 0.000000, 709.341825, 0.000000, 839.654703, 530.648589, 0.000000, 0.000000, 1.000000]
distortion_model: plumb_bob
distortion_coefficients:
  rows: 1
  cols: 5
  data: [-0.344343, 0.086923, -0.002021, 0.001115, 0.000000]
rectification_matrix:
  rows: 3
  cols: 3
  data: [0.998915, -0.000788, -0.046568, 0.000881, 0.999998, 0.001993, 0.046567, -0.002032, 0.998913]
projection_matrix:
  rows: 3
  cols: 4
  data: [724.927506, 0.000000, 801.172653, -43.120583, 0.000000, 724.927506, 546.077087, 0.000000, 0.000000, 0.000000, 1.000000, 0.000000]
