image_width: 1280
image_height: 960
camera_name: elp_right
camera_matrix:
  rows: 3
  cols: 3
  data: [858.188944, 0.000000, 680.388137, 0.000000, 856.793903, 533.973982, 0.000000, 0.000000, 1.000000]
distortion_model: plumb_bob
distortion_coefficients:
  rows: 1
  cols: 5
  data: [-0.386114, 0.127949, -0.000445, 0.000954, 0.000000]
rectification_matrix:
  rows: 3
  cols: 3
  data: [0.999204, 0.001318, -0.039860, -0.001290, 0.999999, 0.000715, 0.039861, -0.000663, 0.999205]
projection_matrix:
  rows: 3
  cols: 4
  data: [765.188385, 0.000000, 745.903259, -45.629309, 0.000000, 765.188385, 530.652313, 0.000000, 0.000000, 0.000000, 1.000000, 0.000000]
