image_width: 1280
image_height: 960
camera_name: elp_left
camera_matrix:
  rows: 3
  cols: 3
  data: [858.602155, 0.000000, 701.016319, 0.000000, 856.778549, 526.471573, 0.000000, 0.000000, 1.000000]
distortion_model: plumb_bob
distortion_coefficients:
  rows: 1
  cols: 5
  data: [-0.368031, 0.103939, -0.001216, -0.000033, 0.000000]
rectification_matrix:
  rows: 3
  cols: 3
  data: [0.999991, -0.001712, 0.003958, 0.001699, 0.999993, 0.003344, -0.003964, -0.003337, 0.999987]
projection_matrix:
  rows: 3
  cols: 4
  data: [738.885546, 0.000000, 738.384979, 0.000000, 0.000000, 738.885546, 540.852127, 0.000000, 0.000000, 0.000000, 1.000000, 0.000000]
