image_width: 1280
image_height: 960
camera_name: elp_left
camera_matrix:
  rows: 3
  cols: 3
  data: [844.311531, 0.000000, 682.076133, 0.000000, 843.566678, 527.954595, 0.000000, 0.000000, 1.000000]
distortion_model: plumb_bob
distortion_coefficients:
  rows: 1
  cols: 5
  data: [-0.365824, 0.108036, -0.000055, 0.000670, 0.000000]
rectification_matrix:
  rows: 3
  cols: 3
  data: [0.998107, 0.004223, -0.061362, -0.004382, 0.999987, -0.002453, 0.061351, 0.002717, 0.998113]
projection_matrix:
  rows: 3
  cols: 4
  data: [740.866240, 0.000000, 809.030304, 0.000000, 0.000000, 740.866240, 544.107101, 0.000000, 0.000000, 0.000000, 1.000000, 0.000000]
